3
5
7
11
13
17
19
23
29
31
37
41
43
47
53
59
61
67
71
73
79
83
89
97
101
103
107
109
113
127
131
137
139
149
151
157
163
167
173
179
181
191
193
197
199
211
223
227
229
233
239
241
251
257
263
269
271
277
281
283
293
307
311
313
317
331
337
347
349
353
359
367
373
379
383
389
397
401
409
419
421
431
433
439
443
449
457
461
463
467
479
487
491
499
503
509
521
523
541
547
557
563
569
571
577
587
593
599
601
607
613
617
619
631
641
643
647
653
659
661
673
677
683
691
701
709
719
727
733
739
743
751
757
761
769
773
787
797
809
811
821
823
827
829
839
853
857
859
863
877
881
883
887
907
911
919
929
937
941
947
953
967
971
977
983
991
997
1009
1013
1019
1021
1031
1033
1039
1049
1051
1061
1063
1069
1087
1091
1093
1097
1103
1109
1117
1123
1129
1151
1153
1163
1171
1181
1187
1193
1201
1213
1217
1223
1229
1231
1237
1249
1259
1277
1279
1283
1289
1291
1297
1301
1303
1307
1319
1321
1327
1361
1367
1373
1381
1399
1409
1423
1427
1429
1433
1439
1447
1451
1453
1459
1471
1481
1483
1487
1489
1493
1499
1511
1523
1531
1543
1549
1553
1559
1567
1571
1579
1583
1597
1601
1607
1609
1613
1619
1621
1627
1637
1657
1663
1667
1669
1693
1697
1699
1709
1721
1723
1733
1741
1747
1753
1759
1777
1783
1787
1789
1801
1811
1823
1831
1847
1861
1867
1871
1873
1877
1879
1889
1901
1907
1913
1931
1933
1949
1951
1973
1979
1987
1993
1997
1999
2003
2011
2017
2027
2029
2039
2053
2063
2069
2081
2083
2087
2089
2099
2111
2113
2129
2131
2137
2141
2143
2153
2161
2179
2203
2207
2213
2221
2237
2239
2243
2251
2267
2269
2273
2281
2287
2293
2297
2309
2311
2333
2339
2341
2347
2351
2357
2371
2377
2381
2383
2389
2393
2399
2411
2417
2423
2437
2441
2447
2459
2467
2473
2477
2503
2521
2531
2539
2543
2549
2551
2557
2579
2591
2593
2609
2617
2621
2633
2647
2657
2659
2663
2671
2677
2683
2687
2689
2693
2699
2707
2711
2713
2719
2729
2731
2741
2749
2753
2767
2777
2789
2791
2797
2801
2803
2819
2833
2837
2843
2851
2857
2861
2879
2887
2897
2903
2909
2917
2927
2939
2953
2957
2963
2969
2971
2999
3001
3011
3019
3023
3037
3041
3049
3061
3067
3079
3083
3089
3109
3119
3121
3137
3163
3167
3169
3181
3187
3191
3203
3209
3217
3221
3229
3251
3253
3257
3259
3271
3299
3301
3307
3313
3319
3323
3329
3331
3343
3347
3359
3361
3371
3373
3389
3391
3407
3413
3433
3449
3457
3461
3463
3467
3469
3491
3499
3511
3517
3527
3529
3533
3539
3541
3547
3557
3559
3571
3581
3571
3559
3557
3547
3541
3539
3533
3529
3527
3517
3511
3499
3491
3469
3467
3463
3461
3457
3449
3433
3413
3407
3391
3389
3373
3371
3361
3359
3347
3343
3331
3329
3323
3319
3313
3307
3301
3299
3271
3259
3257
3253
3251
3229
3221
3217
3209
3203
3191
3187
3181
3169
3167
3163
3137
3121
3119
3109
3089
3083
3079
3067
3061
3049
3041
3037
3023
3019
3011
3001
2999
2971
2969
2963
2957
2953
2939
2927
2917
2909
2903
2897
2887
2879
2861
2857
2851
2843
2837
2833
2819
2803
2801
2797
2791
2789
2777
2767
2753
2749
2741
2731
2729
2719
2713
2711
2707
2699
2693
2689
2687
2683
2677
2671
2663
2659
2657
2647
2633
2621
2617
2609
2593
2591
2579
2557
2551
2549
2543
2539
2531
2521
2503
2477
2473
2467
2459
2447
2441
2437
2423
2417
2411
2399
2393
2389
2383
2381
2377
2371
2357
2351
2347
2341
2339
2333
2311
2309
2297
2293
2287
2281
2273
2269
2267
2251
2243
2239
2237
2221
2213
2207
2203
2179
2161
2153
2143
2141
2137
2131
2129
2113
2111
2099
2089
2087
2083
2081
2069
2063
2053
2039
2029
2027
2017
2011
2003
1999
1997
1993
1987
1979
1973
1951
1949
1933
1931
1913
1907
1901
1889
1879
1877
1873
1871
1867
1861
1847
1831
1823
1811
1801
1789
1787
1783
1777
1759
1753
1747
1741
1733
1723
1721
1709
1699
1697
1693
1669
1667
1663
1657
1637
1627
1621
1619
1613
1609
1607
1601
1597
1583
1579
1571
1567
1559
1553
1549
1543
1531
1523
1511
1499
1493
1489
1487
1483
1481
1471
1459
1453
1451
1447
1439
1433
1429
1427
1423
1409
1399
1381
1373
1367
1361
1327
1321
1319
1307
1303
1301
1297
1291
1289
1283
1279
1277
1259
1249
1237
1231
1229
1223
1217
1213
1201
1193
1187
1181
1171
1163
1153
1151
1129
1123
1117
1109
1103
1097
1093
1091
1087
1069
1063
1061
1051
1049
1039
1033
1031
1021
1019
1013
1009
997
991
983
977
971
967
953
947
941
937
929
919
911
907
887
883
881
877
863
859
857
853
839
829
827
823
821
811
809
797
787
773
769
761
757
751
743
739
733
727
719
709
701
691
683
677
673
661
659
653
647
643
641
631
619
617
613
607
601
599
593
587
577
571
569
563
557
547
541
523
521
509
503
499
491
487
479
467
463
461
457
449
443
439
433
431
421
419
409
401
397
389
383
379
373
367
359
353
349
347
337
331
317
313
311
307
293
283
281
277
271
269
263
257
251
241
239
233
229
227
223
211
199
197
193
191
181
179
173
167
163
157
151
149
139
137
131
127
113
109
107
103
101
97
89
83
79
73
71
67
61
59
53
47
43
41
37
31
29
23
19
17
13
11
7
5
3
2
